1
943 1
-28 334 9 98 -364 273
251 423 -474 54 -475 -349
-10 -46 303 264 -349 -271
350 361 226 204 -464 -171
-226 172 -435 -319 -303 434
-262 474 206 -348 -8 -110
138 355 -499 469 343 -141
-407 -435 -65 194 454 214
-314 -466 37 -207 -232 443
310 287 -388 62 55 427
396 -222 -242 393 199 144
-252 -48 -364 -172 83 1
-365 216 -231 -330 295 -381
253 -63 -437 136 78 293
231 -284 -496 -446 -438 -431
-426 -252 43 476 57 -11
152 455 -493 -134 175 -269
-242 39 321 26 -188 497
-73 -136 68 -438 366 -217
-368 -341 379 -454 486 235
-206 -495 496 -267 249 -493
31 -202 494 -157 61 379
292 393 -253 289 -49 243
111 -474 -242 -460 -317 154
-43 435 -200 -129 -103 140
59 236 -392 -293 -186 356
4 -268 -214 -314 125 46
-112 378 -280 -392 43 235
100 -55 207 -367 -122 430
498 259 -3 266 -413 -350
181 -111 120 386 -220 -362
438 -100 392 110 -392 -313
-463 -406 -127 145 234 -58
-57 -17 485 -481 76 355
-18 -49 -82 6 -257 -247
182 -296 265 -338 -261 83
-242 -29 -225 -144 160 370
-114 -37 195 265 258 -243
-489 170 -304 197 242 180
-152 101 -366 1 403 -72
-384 -397 -270 -16 -458 -27
465 390 275 341 451 19
-344 424 -373 303 -322 176
79 339 -462 202 -40 197
423 96 -302 270 376 -388
450 -340 -223 -240 193 -68
39 -253 415 194 -463 -123
246 406 -11 -372 -386 -28
173 -255 374 -347 485 -406
218 -497 138 -498 459 -225
260 339 -184 -251 -322 -105
-106 56 106 481 -55 154
-95 55 270 -284 453 107
-322 305 196 264 -217 -15
-117 295 393 -386 -267 436
292 325 77 279 316 -307
-107 337 -119 -281 -385 -118
233 -331 236 449 330 -445
-495 -113 -448 232 -29 31
353 -411 434 -11 -95 15
-18 326 -109 -446 -156 -395
-120 440 120 179 2 372
57 -161 353 -167 -298 182
-12 -377 -251 139 32 248
-348 109 -11 301 -434 54
244 -255 -306 -91 358 -327
-18 70 30 -240 454 283
-36 228 -356 -109 -429 -195
-104 -352 444 -147 180 -398
-296 -330 498 -410 137 -103
406 -459 2 396 -197 426
225 433 -361 92 -466 167
-234 -295 253 -470 405 252
-40 -280 -437 346 -385 -51
316 -369 333 -432 -135 -182
-345 169 190 110 454 222
-377 219 161 309 184 65
-117 -199 146 127 -258 -193
-397 40 -66 -303 -35 300
84 -289 6 -221 255 470
292 -220 -273 35 291 -22
-217 258 -178 368 202 239
380 -236 -432 126 222 269
371 -308 -458 -299 485 -442
471 400 -419 199 -429 -447
367 -407 482 6 -214 -83
91 -338 -47 -189 -281 94
-7 -478 -345 127 -457 -362
-432 -180 321 451 -370 452
131 -101 242 118 -72 -332
187 -423 -287 -212 37 128
316 -291 -64 446 -87 386
-141 -407 277 -331 57 361
408 -437 -374 -165 -189 -227
264 -272 -212 -49 424 -470
453 262 336 -220 -329 -234
-389 471 264 355 -64 477
-56 189 272 -116 197 378
-142 483 -364 301 256 -203
469 -474 404 -343 463 -463
-34 -365 176 -60 459 -188
-433 97 368 41 288 336
-196 258 36 275 149 87
-17 6 -277 -19 -259 -78
-14 -401 70 -303 238 -66
440 494 117 120 422 -178
-475 -28 -138 -419 -378 457
153 -414 259 3 225 339
113 266 439 -497 399 350
131 322 -244 446 264 345
100 -460 231 -309 -462 -485
487 -200 -200 -132 -373 271
-112 -351 -411 -25 214 -494
347 35 8 176 -19 -381
-108 -35 -97 485 -338 -410
-198 199 -338 -13 -209 171
-33 -150 454 343 -493 -384
-316 -237 358 -341 42 196
-18 -152 203 -345 296 434
-50 -87 12 438 -174 -293
-473 -353 166 452 360 -77
210 44 -148 497 -210 78
-235 397 401 -132 102 -377
-115 -170 -355 33 -174 391
-454 408 -282 130 -367 291
-300 234 -342 19 -492 -38
137 -433 -231 175 381 -69
-149 437 -380 -157 454 201
-333 -290 -274 -141 265 -248
-114 -34 183 -70 -118 -162
-283 -496 323 234 -345 -30
260 -165 329 -375 -13 387
298 136 -4 -461 -188 -187
-457 -111 -154 -145 -166 289
253 164 -457 205 -83 272
-26 -10 -281 -178 -207 239
300 -94 136 -372 14 -134
-74 482 -360 371 367 -187
-127 349 490 -464 -60 -289
-38 -213 325 -289 -334 315
-199 152 13 109 -121 451
235 297 -52 -271 -61 106
325 255 -375 256 220 22
46 36 272 -304 408 218
314 -263 328 -154 433 261
-142 -92 -180 177 430 -76
-490 359 385 -1 -374 114
469 -123 482 213 198 15
40 308 308 -3 -9 -107
430 -74 122 0 292 -176
-487 463 328 40 314 108
-490 6 -201 -247 -444 102
-462 52 -338 -320 35 195
366 -109 42 380 -278 -295
235 -261 100 238 224 -126
238 423 241 163 -44 -466
260 -105 -242 417 -497 -86
272 -319 -290 188 229 366
80 -41 330 -318 401 50
351 161 245 375 55 -173
200 -404 176 -407 -432 278
143 -45 -67 -207 -439 54
264 289 -154 -426 239 344
-7 186 -331 -145 -279 425
103 256 -108 159 -437 44
-75 -364 -374 -212 -367 -33
-220 -121 248 142 305 281
108 -490 -296 -216 63 -170
-259 89 -265 4 -143 -398
414 -212 -221 354 -292 29
-463 466 -421 241 -435 -6
-45 -408 -332 -15 -464 104
86 -87 -205 423 208 264
381 -52 408 -267 169 101
-124 -356 -28 392 24 -473
261 151 -154 -238 -288 -308
175 -207 -232 -434 -471 46
204 -464 474 338 285 -392
-396 217 281 383 66 -464
-426 158 -283 -335 84 -29
-2 497 -358 496 397 -278
44 -384 432 -35 0 -422
-217 -135 -181 458 92 329
136 -133 -387 -227 -430 302
425 -391 115 140 204 471
265 -335 -480 486 -317 386
82 -163 -143 -368 91 -123
-28 137 -384 -456 -117 371
213 292 -54 471 316 465
153 -455 -307 -239 -198 98
446 -281 -289 -322 -227 -208
-152 -402 103 237 373 426
176 -82 -302 43 126 249
44 405 234 -499 -188 111
243 26 142 -268 187 189
429 -146 -79 -404 -421 371
14 285 -68 -425 -78 212
-469 78 364 -468 445 243
-198 -344 114 16 252 173
24 347 -248 183 464 309
427 -42 116 453 -471 -16
383 -467 286 98 -491 499
-273 357 -126 178 -406 380
1 379 -154 -326 -495 -488
-338 -452 -203 -77 18 266
172 316 365 -228 449 -197
-419 -166 113 -407 -378 -127
-428 -419 42 362 -220 -267
-135 -244 387 470 20 -205
487 -317 241 113 -103 -240
24 -482 -307 277 -395 -28
-399 162 -412 -159 336 -148
-378 -171 -455 98 194 -359
160 -137 -270 117 -272 315
-246 -179 304 -33 332 -4
292 -331 -499 -12 -256 112
316 -177 427 389 282 -90
422 213 500 -16 -173 -410
-350 -497 433 -38 294 211
8 427 -475 -288 329 -96
350 -34 -313 -372 432 -355
-464 390 -186 -67 -446 383
76 -378 -117 180 -366 -98
329 -180 -469 67 65 -406
28 -398 41 -25 -9 -106
13 175 300 -190 -204 -213
291 -421 213 -228 -139 134
186 -408 -288 -399 341 -203
207 208 31 89 -237 380
57 -288 -135 -189 -190 280
40 4 -107 -21 210 453
89 463 313 253 49 213
-323 417 -309 275 393 -219
345 -16 -87 495 13 30
-209 -169 133 -232 -75 -465
-191 294 297 377 334 -175
-85 -488 69 -67 -461 301
345 -111 -427 143 398 -6
44 135 -166 199 287 -487
432 243 -67 -39 331 80
-4 -497 -465 -264 -183 0
-431 178 273 -326 -446 -196
157 84 418 -92 -142 64
-153 312 70 359 81 430
-454 -429 -201 -135 -339 482
-197 108 171 16 -340 -448
-215 227 91 461 349 -333
-230 206 -192 -164 193 30
392 203 -126 -498 352 163
-187 204 -169 301 101 -305
156 -254 53 368 -238 165
275 422 192 258 -372 126
164 -115 -123 -356 189 425
66 348 203 -477 71 -46
-126 443 495 278 28 242
456 202 -445 -7 295 -107
-273 -166 -272 -189 374 -23
-215 322 -244 -282 -291 -290
-64 -91 -401 232 352 -223
-30 90 76 -192 282 -379
459 413 63 -226 -269 162
-249 -418 -104 -108 -196 -461
413 -498 173 -335 96 492
-116 392 230 -20 329 89
-365 -80 413 -322 -203 125
-323 307 -166 -375 -158 -450
380 -329 -229 6 -125 121
-416 -461 -143 2 38 -384
-392 -313 -464 -208 -366 428
-304 450 193 267 99 427
-140 -217 446 176 439 -442
6 160 -218 397 -341 -215
500 -437 120 388 294 42
461 299 111 171 96 368
159 460 392 100 45 -407
-71 199 -425 37 315 -332
-165 -127 250 133 177 -377
-288 41 -237 10 -65 -428
452 198 -353 97 272 173
31 329 -396 -311 357 67
-147 -25 312 -424 -305 -6
36 -120 253 260 -471 -137
-402 -335 -175 85 224 -294
102 242 490 -236 -401 193
143 -332 -131 40 219 310
-474 271 -492 -233 72 -34
162 164 227 44 -227 238
120 -28 -486 426 254 281
-137 -410 68 366 -189 -232
-80 96 -397 0 200 -151
-409 -306 426 456 -358 -254
-267 295 176 356 152 -213
488 415 67 -132 61 297
259 274 418 452 210 -444
96 -272 -55 370 246 -285
-158 -342 103 343 181 201
-357 -53 338 -339 140 -442
-441 83 129 -449 -234 -135
-432 -299 -296 60 344 -359
476 214 -146 -37 -170 -460
-202 -210 -449 314 75 456
211 -14 231 35 76 -259
-339 -37 -191 80 -144 -484
-286 -358 -383 -29 153 -253
-125 381 -130 -404 268 -277
461 404 313 -144 -433 418
217 -318 -474 -367 95 63
-136 -167 159 325 -200 -67
-75 -256 193 434 -61 443
430 180 489 -291 -225 399
160 86 -63 -237 453 -334
-7 138 288 -337 441 -170
-122 -173 356 -267 11 183
-332 113 -387 172 295 -101
250 421 98 -93 -191 188
316 -278 234 -317 -392 74
-292 -64 -459 -229 433 273
295 -484 260 -256 13 97
-381 264 276 -415 428 -111
26 278 30 -158 351 -170
365 -492 324 -353 20 254
38 5 69 118 -32 414
247 180 43 -103 364 -311
191 -414 -206 79 -378 -400
6 266 418 -342 -429 226
-220 51 -237 -445 82 -111
-48 -269 23 -298 -333 -202
5 -103 -386 111 -49 32
486 -182 449 468 -441 334
132 -92 469 -431 88 437
465 -486 180 -201 165 -473
203 246 219 -390 236 -300
-332 -453 442 453 -256 -114
-297 347 -41 500 482 -442
444 72 374 327 -157 456
-462 169 -279 -346 -490 91
-69 172 172 -123 172 179
-170 265 -149 4 -178 194
372 314 120 401 18 430
461 -111 -455 62 379 -139
347 157 -153 -314 368 -133
248 -238 237 -361 -142 478
374 -248 -477 -486 325 -119
191 464 -315 -140 -370 385
467 252 -422 321 -324 -178
76 457 -41 -269 -375 -479
-436 190 42 304 451 382
440 338 154 161 482 248
321 51 -227 -177 157 434
-227 -193 -380 -62 239 213
-319 127 -148 -348 -410 179
332 367 472 175 59 37
-402 -152 399 -372 239 478
-53 241 -321 -84 -76 237
-75 137 -187 -57 160 -142
-149 85 139 -155 -117 -408
115 29 451 -171 312 313
-136 -282 307 376 350 -85
-68 -151 284 -341 365 -13
-473 90 -40 -191 126 -300
-315 -468 334 428 320 275
350 330 35 389 -437 -285
-315 -67 295 -144 362 -22
122 -413 297 -436 -326 148
239 -121 265 152 -28 -335
-186 -430 463 126 494 18
-391 471 -217 301 -389 -138
179 234 -21 -155 -218 269
116 -88 351 -335 425 -380
-8 350 491 468 -167 -324
-30 374 -109 350 310 236
-60 384 232 147 -22 -99
-293 -108 244 -88 -197 -87
444 -477 -70 440 -71 -11
-479 -138 303 -255 -386 92
-420 -202 385 -35 -107 -421
473 5 -53 118 332 147
177 -150 325 85 -303 148
428 70 224 440 166 -392
317 77 443 348 -88 183
249 349 245 236 245 499
446 128 -126 -400 288 417
391 233 -319 14 449 248
-273 88 25 437 25 -354
-342 456 214 -325 -449 -402
-15 87 -210 414 427 454
411 -406 -206 -15 392 -349
-126 128 208 305 324 275
-205 -254 324 -428 -48 71
374 149 -276 -225 71 439
-85 -354 386 352 -79 225
-366 -422 206 -199 -308 -264
-279 -477 -158 287 -330 -158
485 322 -374 7 -408 206
-379 -237 456 -100 174 105
327 -500 45 258 -197 -65
150 -276 -88 216 233 -302
123 -254 319 386 483 -441
-220 195 17 -224 156 362
-445 -366 394 -62 -66 257
-5 476 -18 -351 99 333
-135 379 -354 47 -209 -154
315 -437 407 144 -438 -60
225 -330 -171 415 101 -127
341 407 58 99 461 284
-204 161 237 334 -130 146
-413 -209 335 -274 -174 262
210 431 -241 393 314 37
159 -82 165 -14 -201 -277
306 428 261 -6 -326 -493
-288 -254 -172 -363 395 -363
227 -103 249 15 459 -149
307 -299 411 458 339 -155
-430 -51 -45 -58 167 -356
462 221 41 -302 -175 -360
461 137 103 -187 -442 351
78 -241 324 489 38 84
348 489 236 370 56 393
-267 366 -283 420 -121 486
487 182 -474 88 145 -236
-58 -480 354 185 -242 -369
-128 216 -327 -465 290 -50
-386 77 -275 -96 276 236
14 -160 272 -488 284 -431
-392 323 -479 -354 141 -154
-270 -241 -18 -33 12 -375
-64 -415 -69 484 105 243
335 -479 -188 7 -1 -235
59 453 223 483 -466 184
213 14 -354 300 -475 261
152 -362 476 -498 130 -398
-354 -243 473 -273 475 -328
0 310 -300 -479 -306 -221
-262 141 48 227 -110 314
-356 -169 494 457 196 449
-284 -377 233 270 32 476
-300 -145 -295 -325 -239 -120
-439 -6 114 470 -365 463
169 -122 -1 471 130 226
-120 81 -242 135 -133 -429
-191 199 -159 493 31 -257
156 315 183 -369 -49 104
-223 -379 122 82 342 -230
469 -63 499 -78 195 402
-481 397 -104 -122 -46 301
-281 -197 -248 466 241 415
141 32 -278 -209 171 92
-171 85 401 236 214 -304
402 316 -89 -172 -370 -384
-33 -264 -24 -164 -362 278
45 490 -171 -485 -79 -100
-38 100 -449 -91 74 257
-417 264 200 -179 -495 -377
-346 -192 -80 -344 333 281
-175 452 -451 205 113 -283
-188 487 33 -410 -4 306
-399 -236 211 466 119 -485
-79 120 8 194 89 174
-430 -261 -221 472 382 -471
231 -455 -119 261 180 164
-189 234 79 -215 175 397
470 -299 -425 376 -50 -162
234 -475 -113 -85 -103 -50
165 456 453 359 308 -191
-45 -216 -332 298 201 441
42 98 117 222 452 -419
442 -46 161 487 300 243
-47 89 301 52 287 154
-96 81 -237 -418 -406 -3
340 -216 -432 -147 38 -343
-482 -25 -343 -226 -245 -6
-254 430 -47 -49 276 162
-390 412 -46 164 -420 264
120 -19 -392 366 -8 -179
216 426 -57 247 256 139
-109 273 378 -304 -21 -409
282 40 464 343 463 381
247 77 -197 359 296 -460
-8 367 -335 344 402 492
422 -276 -386 -228 -293 424
306 -430 -146 404 341 15
197 -105 -105 27 99 389
-73 -199 -363 36 10 491
-284 257 -46 -226 -232 -302
249 -211 -217 299 -213 -341
191 49 -95 -128 472 -291
-246 466 152 -369 -397 212
198 -242 -89 368 121 316
266 300 -200 -156 -43 6
-130 -211 -473 -299 -226 -387
-320 254 75 -465 291 -371
286 -427 -28 427 -382 337
-344 143 9 239 -390 -117
-242 -251 78 -335 15 -165
84 416 384 -165 357 -430
-464 -157 -77 -163 -298 106
168 -194 216 286 -138 -444
-384 -246 407 -118 219 -75
-275 -397 110 167 245 -174
-322 357 -323 -110 247 413
-279 -352 -38 67 61 187
-84 95 -26 -71 230 157
-383 401 -340 -279 -37 -468
317 -158 -429 73 -419 -179
-465 -56 -27 -69 -310 -475
-425 -36 -416 15 17 -267
-500 -336 -476 11 -368 353
-453 -163 -330 356 -338 391
-218 -440 326 328 -3 320
-224 131 311 27 -339 313
-228 -96 165 421 -365 -372
67 419 135 285 374 199
-271 -435 -374 3 -232 -130
-304 -281 27 500 76 101
283 -124 -301 -115 405 -464
329 -12 -440 -323 -335 -466
305 -82 -253 -42 -235 -168
79 -330 -186 281 303 -140
-281 0 361 -33 71 335
-109 289 -354 -457 -349 -262
20 -61 -58 472 396 228
114 235 -417 264 115 449
432 269 -145 190 459 -237
324 -179 -322 353 -327 -30
193 -232 366 106 -17 77
-246 419 -354 -411 -404 -208
93 -394 -56 -364 35 -48
57 -422 -248 340 -116 -96
-82 -373 83 72 491 -391
-268 -345 -151 -272 266 151
207 -32 342 129 -275 346
-382 287 491 -88 81 -483
-324 184 300 -409 -103 60
-114 354 -450 -227 -498 15
271 -402 239 -278 485 -89
-487 102 -239 30 2 -486
152 471 -439 -270 447 -56
0 361 -333 332 -342 -480
400 -219 121 -108 483 -475
337 -295 -47 -124 -367 103
-229 -431 -39 453 3 -320
121 164 -36 -477 -3 115
184 -473 258 150 287 -210
-410 -283 407 -473 349 -134
-5 118 372 -303 222 413
-260 473 97 -11 -62 323
256 -483 -325 -320 10 -313
179 -20 52 16 -493 -421
-365 214 -471 -447 470 -226
452 480 -115 287 -78 -244
-342 -278 363 -364 442 -151
-448 -253 -53 -310 -343 363
-131 -93 407 489 466 -46
155 196 139 -121 405 235
-334 -254 -208 51 -251 165
-138 -487 -461 163 -410 438
-53 -354 63 -119 -435 -151
430 48 -54 107 -57 -158
386 -309 122 -178 -454 -470
-465 90 87 -458 -198 -92
303 478 239 -433 112 3
-332 363 254 -43 -147 254
-68 -8 -81 360 375 327
-54 -9 -253 -97 -12 -316
-175 -393 155 -214 424 16
359 257 -246 186 411 -79
268 239 -263 163 -107 -230
-1 -414 447 -313 -212 337
445 144 -396 -312 39 461
-433 -264 -430 -254 339 -219
-8 308 -216 166 -261 278
-255 267 -159 -194 251 -348
64 -91 -253 23 370 37
-397 -409 492 -108 -291 -16
-182 369 365 -127 444 424
237 8 -115 465 420 9
333 -295 44 67 -437 -89
-232 492 138 -113 -183 -397
-118 486 -65 350 -75 -342
-178 -364 -77 446 269 425
-377 -84 -436 -408 -463 -288
-22 -9 -201 -145 166 -197
66 190 -365 39 -420 -470
-306 0 123 -44 31 -382
122 -435 398 -491 -158 127
-221 295 432 378 -356 -340
366 407 462 -231 -373 385
-37 -451 361 461 -83 323
129 245 -392 -88 492 325
-415 -363 18 -406 489 -332
30 134 -83 -498 310 207
38 -340 -373 -446 453 391
304 373 158 -396 119 196
276 -283 409 339 -151 45
-23 -353 139 -281 -72 -132
174 -399 203 46 406 458
153 -55 -490 43 -55 -285
-485 -284 -270 330 248 -400
260 -287 165 -87 -338 -401
393 197 -205 494 435 199
-332 -404 271 497 448 342
282 -203 -38 -316 -38 -328
-238 27 250 -383 479 -298
-39 -270 125 440 175 39
275 458 -73 21 -141 -417
5 -40 -214 261 324 337
-127 -277 -454 -100 -275 -5
374 14 -424 -316 311 270
-178 -17 -214 -88 -209 -261
-183 -47 390 37 -217 -466
471 241 143 -428 -36 -382
377 -427 445 469 462 -464
-367 -372 -310 -423 143 -464
-156 159 -266 129 -74 -363
89 198 -372 439 -277 145
-465 -104 478 12 386 -34
445 -140 371 48 -337 450
-5 361 386 -209 313 375
-226 174 216 -164 -16 268
-353 229 -216 390 -23 -177
106 495 -32 69 291 -445
-207 362 -256 -49 275 -400
159 0 386 -12 -399 -136
-66 -41 -456 -117 104 383
-357 302 125 77 411 126
68 -407 2 486 334 -410
134 -447 445 -306 22 -102
-229 298 -381 243 -278 119
-179 -454 101 459 170 -46
157 -431 -297 -170 -53 378
353 -269 -206 25 488 456
55 289 8 -7 148 59
78 -331 211 112 -486 -412
394 136 -159 461 -470 213
-429 38 -245 -447 401 -106
494 377 395 230 128 195
38 73 87 -81 243 -375
-303 -364 -498 -352 65 257
156 -37 -309 275 -82 -288
-74 335 273 -232 128 -133
-48 97 18 462 442 -422
-49 173 487 -230 211 328
203 -259 205 -197 450 -495
319 -85 -74 192 -328 -27
284 17 -418 -11 -116 -452
112 -160 120 217 144 132
-270 188 116 -107 -48 -441
-259 -283 -281 -89 269 -85
-348 -39 -410 -464 -118 -131
-151 321 45 -183 293 474
-460 -195 344 -269 -469 331
124 -217 183 -300 416 35
66 205 -335 -91 -470 40
188 498 -357 55 175 -462
170 374 -67 156 159 254
318 261 271 -129 1 204
441 140 298 -249 61 -221
50 178 311 -391 -4 -89
63 485 235 114 322 -53
78 -312 388 -51 237 64
-82 -430 409 -264 -155 199
-330 446 -92 -287 390 -390
-383 -371 -348 -368 7 -155
-175 -334 -179 175 -28 -232
-418 192 43 481 -82 324
1 -405 -162 -220 -261 -415
443 28 200 266 490 -470
185 -466 -133 204 437 -70
-151 -264 261 -497 270 105
301 -126 -167 -433 -142 -49
89 405 160 -255 -61 41
-216 -404 -75 0 -308 -419
194 323 312 1 233 -449
-469 35 447 -496 457 -161
-420 165 242 82 -278 -198
-100 -157 396 472 -493 -350
150 119 -145 289 -20 178
-14 -41 270 -366 124 -96
442 -393 -359 -125 197 -205
209 -288 -217 122 -149 263
-72 135 -172 238 101 -377
135 -403 -220 269 -364 -494
-228 393 -224 -218 -244 135
370 436 -195 -290 149 -334
-251 -111 407 -265 -157 -449
28 102 357 -398 -90 -356
-412 -404 -99 91 104 -415
395 149 322 -93 -373 -8
-40 389 5 -452 -434 -461
-443 -105 -158 335 -197 318
200 356 -288 -375 -399 -222
-223 -359 -434 392 484 -302
-236 -227 -34 274 329 -420
166 -326 -497 -96 -143 -294
484 215 333 -322 -383 -329
146 426 -225 -130 472 -95
339 -48 411 189 278 2
259 -197 -313 -114 -400 -121
410 -174 -86 -74 478 -285
170 -369 221 -204 107 -402
-56 341 116 -289 -129 490
373 -265 -44 477 -275 -430
44 -305 -208 -247 -219 -344
-314 347 -300 -275 53 72
113 256 -483 203 461 -352
-398 -175 333 258 11 -319
-7 391 -41 316 -49 -48
459 -301 -73 -449 -187 -193
463 -196 -391 -35 -152 358
16 24 -312 -127 362 387
273 165 -274 -205 443 -192
-372 -88 -222 -10 -445 -287
-178 -278 30 -284 164 -378
319 428 460 -180 -334 -35
-130 -486 -475 255 -33 222
-438 -73 202 -494 463 55
78 41 352 74 -183 -159
457 325 102 310 -480 16
-301 -55 499 5 477 -131
-336 -58 455 -351 -443 -56
136 158 398 13 174 -222
-209 143 -277 343 276 -184
-316 36 335 -308 25 -202
-314 1 -469 -88 222 6
486 484 -85 276 89 -447
-358 -234 321 326 1 422
56 -23 -433 292 395 33
466 491 -307 461 403 -225
-287 -479 167 240 -29 -171
345 476 195 77 -467 -450
-446 440 407 448 125 -20
-203 -263 -186 -95 40 -443
-246 352 296 284 -140 310
-247 341 -129 190 -391 -433
-209 -353 -228 466 -59 -229
407 223 80 -406 -66 -73
286 206 -345 -460 -447 246
-285 -64 470 -331 222 175
-76 -145 -65 -238 454 -118
467 -91 337 218 50 270
-430 164 479 47 422 -389
119 301 31 -431 431 -390
-325 -309 184 308 -56 -233
78 -247 479 -119 323 -225
302 22 -327 326 -178 23
188 -291 35 -178 1 475
-482 374 447 -232 -121 208
367 -11 -141 -291 -4 -483
343 -43 -328 155 210 316
-110 470 -309 -32 434 242
-351 223 -8 114 31 -217
-405 122 144 -17 296 95
262 424 -75 495 -171 -473
489 -364 307 -108 484 289
-123 214 -111 64 146 -84
-280 412 122 28 328 -472
-23 -186 -425 -100 -285 126
332 275 104 38 -300 -196
408 -490 -375 -458 463 94
-480 -72 -339 -362 -49 -362
361 315 435 -447 -164 208
-166 5 325 111 249 209
-157 217 112 -433 -444 -34
-146 487 131 31 164 129
-34 -69 408 28 -192 -408
33 -42 247 380 175 -227
-349 320 1 -49 -329 -311
335 431 176 314 247 -193
-204 449 -102 -481 -381 40
274 -224 -121 393 338 -38
-442 -302 332 115 -6 -229
-201 220 -71 -157 -286 383
-328 439 3 -164 -219 187
226 457 29 339 67 134
5 387 -328 36 35 -400
-369 -104 174 -36 -256 -216
275 -376 -456 -180 -489 43
139 70 323 33 -418 -471
25 8 -35 107 -480 325
202 30 401 -305 -191 94
281 193 225 205 49 -147
-408 -492 364 -63 -289 -447
-294 -90 316 34 225 -5
-249 458 55 -492 444 -109
363 58 -404 376 231 -66
-211 -402 -13 -126 -140 -39
168 27 -347 78 -308 -354
-29 144 87 -299 297 206
97 406 164 265 52 456
42 381 176 412 112 -455
-470 -4 153 -263 -435 -465
0 -96 -68 -360 -318 -207
-471 -244 66 158 287 55
-427 -284 -288 464 -325 -301
-171 204 -244 123 160 -91
-47 408 -247 -74 384 249
-316 -110 -107 -342 405 -458
213 382 -240 444 27 -175
150 36 443 425 -211 307
-147 350 177 283 239 417
-368 72 83 117 -338 242
310 -384 -98 -495 -424 154
39 -125 -316 296 448 138
-486 14 -475 139 337 -238
386 -132 418 -425 -354 203
-229 -404 -36 12 -124 -337
-439 162 430 -174 335 455
-41 345 474 -168 -171 -74
-11 -488 493 -422 -16 -116
413 446 -312 412 -154 -330
9 289 313 -68 346 -403
-23 -116 409 -355 216 -382
394 22 -320 -379 404 -285
324 -160 13 -178 -51 217
378 -379 -478 487 -87 -275
115 -394 113 -385 37 -361
-481 -302 261 -100 287 46
103 -348 -479 -394 326 235
-130 185 305 258 -473 -132
-322 -369 329 85 250 141
-446 -441 205 -79 259 341
-121 341 -1 -489 -469 -67
305 -290 474 170 459 78
301 371 321 119 -128 244
-361 -196 438 -375 -41 -159
-81 344 135 -142 249 360
369 -16 -279 -16 -485 -6
-434 -362 217 -120 -466 -320
162 -402 207 248 142 477
-232 -383 93 252 171 -347
-485 -21 349 -304 -284 -359
367 58 -5 -210 305 -471
21 125 373 174 162 -471
-314 -34 -457 328 95 -39
-198 255 266 33 -278 -442
71 333 -226 -37 -357 25
362 126 267 -341 -498 -122
123 -436 -155 -11 -166 333
481 -241 -222 74 -221 5
-179 298 -304 -81 431 -286
60 -283 346 319 338 160
363 444 69 -375 258 475
118 -183 480 -286 195 -269
-363 -297 -401 -366 -275 -335
145 -343 255 -211 58 423
-40 -203 -107 -323 301 443
-309 217 166 115 349 326
26 117 46 43 -214 51
-10 -292 -321 -368 -393 -281
28 -143 474 185 331 -33
-345 80 241 -298 -395 157
479 -154 -268 -432 416 -338
-345 -380 -346 379 -11 -478
-289 49 -48 -206 -495 393
-37 243 382 290 -318 163
-192 -51 -330 485 -146 -283
324 443 -142 439 237 -218
277 357 411 -154 -311 -469
108 433 -447 256 436 -348
-378 -49 -264 277 -9 45
-269 152 -128 -65 -236 -287
-480 -486 -402 448 -429 -428
-430 413 -188 -361 219 181
303 -206 -439 243 69 -383
-379 143 -366 485 27 -164
230 -155 71 -194 317 34
-318 326 -155 428 238 180
-262 -37 -5 161 -16 91
487 -86 228 -253 -498 94
14 -27 -426 278 -225 -492
-249 373 197 159 -196 37
262 -80 -357 438 282 70
134 -412 99 -223 -62 67
444 33 -421 144 -290 -229
-435 -114 59 -440 39 428
-41 189 -248 -410 -279 213
-272 444 -210 -462 152 475
-418 112 212 -291 59 -221
-197 56 -450 435 474 -257
79 -180 436 -95 -455 460
317 491 -319 498 204 -189
218 -277 347 448 449 314
195 215 83 -412 72 291
-268 433 -34 -235 460 3
-16 237 17 -426 -413 -9
-440 -126 247 347 430 -91
309 321 -367 96 51 -59
-475 -30 283 337 -363 -270
-284 484 -347 109 -309 365
428 -337 -447 -221 -41 -239
203 -350 257 243 25 193
-433 -263 -494 189 473 176
-372 125 211 -149 368 -127
119 -169 -476 337 -434 -240
383 366 -211 -207 298 413
-287 411 -78 491 448 342
224 0 432 -261 -248 274
483 -247 124 267 471 -81
-475 345 1 282 -311 424
-439 -10 -443 -249 0 -104
-495 398 77 -479 224 364
167 387 440 341 99 -150
57 410 -88 -167 -238 -379
-441 316 322 315 113 188
-30 -160 -157 -411 302 -294
112 222 424 238 32 -241
-84 216 223 435 165 -241
-376 500 -185 408 205 -453
-319 423 268 -453 -352 409
444 397 323 -485 439 -418
-122 320 24 -25 8 292
85 471 -47 427 -442 58
321 -320 193 -56 333 470
-325 -279 61 -217 252 184
-282 -199 -169 -251 481 71
32 -276 -360 111 24 -365
-444 -364 342 306 355 382
259 198 -153 394 97 218
244 -139 -118 -41 -309 -28
-446 -363 -352 -316 -388 -189
-302 -437 -405 15 -106 -59
-470 306 497 -51 -50 -128
-388 427 196 -195 238 -278
-389 395 405 183 -484 -442
260 327 -298 -236 -366 455
-151 25 -166 93 406 161
196 -344 147 -399 39 -296
-166 -255 -110 -270 -200 157
23 -380 -421 -155 -484 -455
-478 -95 -480 77 -41 270
62 402 -284 -390 232 -429
300 369 320 -273 -35 -326
-110 129 267 34 260 -30
183 318 190 -179 114 -218
-85 -73 408 239 316 -127
-209 124 -106 153 -380 101
393 90 -117 198 -497 -294
-475 -494 94 113 -322 321
221 243 76 -5 498 -461
-122 254 97 138 381 153
-488 -324 -259 -269 168 358
292 -274 -18 -486 -468 -447
479 -472 152 -370 -397 -55
